Experiment,Environment,Condition,WhichSubj,PeakCorr_1,PeakCorr_2,PeakCorr_3,PeakLCI_1,PeakLCI_2,PeakLCI_3,PeakUCI_1,PeakUCI_2,PeakUCI_3,LagAtPeak_1,LagAtPeak_2,LagAtPeak_3,LagLCI_1,LagLCI_2,LagLCI_3,LagUCI_1,LagUCI_2,LagUCI_3,WidthHalfPeak_1,WidthHalfPeak_2,WidthHalfPeak_3,WidthLCI_1,WidthLCI_2,WidthLCI_3,WidthUCI_1,WidthUCI_2,WidthUCI_3,isP,vdist,isRefs
VDIST,Sparse,P&Close,subj1,0.275711712460771,0.218019857516066,0.230711236570229,0.183619677463562,0.148017935839171,0.147830430992353,0.36780374745798,0.288021779192961,0.313592042148104,277.777777777778,333.333333333333,333.333333333333,267.163167435809,293.829250277408,291.401351927578,288.392388119746,372.837416389258,375.265314739088,148.058483662762,237.023959725245,277.840549480236,139.853309610405,181.940524057879,195.627881455917,156.263657715118,292.10739539261,360.053217504554,P,Near,NoRefs
VDIST,Sparse,P&Far,subj1,0.181430752965172,0.127788635102069,0.149099146245045,0.128504427222355,0.0737406042551013,0.0878880937411534,0.234357078707988,0.181836665949037,0.210310198748938,277.777777777778,366.666666666667,388.888888888889,255.605394876687,300.697005184467,317.881906457111,299.950160678869,432.636328148867,459.895871320667,173.083889960316,221.00012543532,318.308774742885,137.689231012473,148.025057463149,145.432956333184,208.478548908158,293.97519340749,491.184593152586,P,Far,NoRefs
VDIST,Sparse,NoP&Close,subj1,0.340057734701391,0.311894658296668,0.280492515828408,0.307387377358869,0.279325011879733,0.230803049096263,0.372728092043913,0.344464304713603,0.330181982560554,277.777777777778,322.222222222222,311.111111111111,256.664849761328,303.94989890561,275.88936041551,298.890705794228,340.494545538835,346.332861806713,171.383659426947,234.072656727724,253.080193492212,154.258810189643,204.186956186655,187.727051544007,188.508508664251,263.958357268794,318.433335440417,NoP,Near,NoRefs
VDIST,Sparse,NoP&Far,subj1,0.184935046748036,0.130777674712027,0.130455697711666,0.140608091455151,0.097363482696504,0.0794010196831211,0.229262002040922,0.16419186672755,0.181510375740211,288.888888888889,233.333333333333,500,263.228843700138,125.330280533843,401.037906198918,314.54893407764,341.336386132823,598.962093801082,162.180100349481,279.127817931996,504.912614666436,133.506980721007,192.059078416576,240.747842137553,190.853219977954,366.196557447415,769.07738719532,NoP,Far,NoRefs
VDIST,Sparse,P&Close,subj2,0.322188520853722,0.267929752301357,0.210378343190327,0.28978141114178,0.222665372257067,0.183988342113569,0.354595630565663,0.313194132345647,0.236768344267085,255.555555555556,266.666666666667,288.888888888889,245.343961670087,251.330757724212,273.844323287831,265.767149441024,282.002575609122,303.933454489947,119.781905845078,145.549969523935,201.565136443132,109.093514917444,124.622982141648,62.938787493308,130.470296772711,166.476956906221,340.191485392957,P,Near,NoRefs
VDIST,Sparse,P&Far,subj2,0.271331621131188,0.212366443397317,0.0944929917631778,0.237417114622643,0.182521717352701,0.0687718070858349,0.305246127639733,0.242211169441933,0.120214176440521,255.555555555556,244.444444444444,400,246.024980381993,223.442585580986,208.267919797104,265.086130729118,265.446303307903,591.732080202896,115.760961937539,167.270518840957,494.481715220061,103.766489638675,128.402803916664,277.184458122909,127.755434236402,206.13823376525,711.778972317212,P,Far,NoRefs
VDIST,Sparse,NoP&Close,subj2,0.285135330645173,0.264107886366835,0.213949564717876,0.231438286322311,0.224215407899888,0.161798381416173,0.338832374968034,0.304000364833781,0.266100748019579,277.777777777778,255.555555555556,300,264.761840906026,242.450679007249,274.908098908226,290.79371464953,268.660432103862,325.091901091774,120.524128687471,176.823466468418,213.601634379473,107.967436092209,155.407477327558,119.788375039941,133.080821282733,198.239455609278,307.414893719004,NoP,Near,NoRefs
VDIST,Sparse,NoP&Far,subj2,0.256034091271229,0.232065822573528,0.131783992089921,0.231795669644045,0.182105526884671,0.104015725167175,0.280272512898412,0.282026118262385,0.159552259012666,255.555555555556,244.444444444444,555.555555555556,245.159984576874,235.383447767292,459.25363352393,265.951126534237,253.505441121597,651.857477587181,123.543927215872,133.343302889393,392.272084057433,113.256252976185,99.1301401720615,193.005273581325,133.831601455558,167.556465606724,591.538894533542,NoP,Far,NoRefs
VDIST,Sparse,P&Close,subj3,0.370916968867477,0.296646602700922,0.322332251022464,0.33231615278896,0.245351460725879,0.281680274093657,0.409517784945995,0.347941744675965,0.362984227951271,255.555555555556,277.777777777778,277.777777777778,245.769328956514,250.828586678775,247.896423682104,265.341782154597,304.72696887678,307.659131873452,143.186089030557,212.736389090669,201.871154964493,122.874820760256,159.981265524794,161.969386260367,163.497357300858,265.491512656545,241.77292366862,P,Near,NoRefs
VDIST,Sparse,P&Far,subj3,0.307363079139732,0.23822526080908,0.210402438894689,0.273704068666645,0.206421821739603,0.178714854430656,0.34102208961282,0.270028699878557,0.242090023358721,266.666666666667,255.555555555556,311.111111111111,254.200047643516,236.024820106348,274.402166669865,279.133285689817,275.086291004764,347.820055552357,158.146657205884,196.452181147837,289.763656510529,135.716812553966,160.326173205176,123.237455061284,180.576501857802,232.578189090497,456.289857959774,P,Far,NoRefs
VDIST,Sparse,NoP&Close,subj3,0.347692119703872,0.285059263690889,0.267538306805924,0.327728531132575,0.247514182303349,0.234352318315437,0.367655708275168,0.322604345078429,0.300724295296412,277.777777777778,333.333333333333,322.222222222222,265.126227319217,273.087109986722,288.884316720798,290.429328236339,393.579556679945,355.560127723646,152.397604346103,207.840516355762,223.798811599028,138.188419856303,152.322774890652,164.153636053789,166.606788835902,263.358257820872,283.443987144267,NoP,Near,NoRefs
VDIST,Sparse,NoP&Far,subj3,0.289896644540915,0.239924690259762,0.188881239051904,0.255194322103147,0.210054287930628,0.159808831264435,0.324598966978684,0.269795092588896,0.217953646839373,277.777777777778,266.666666666667,411.111111111111,272.200217231973,227.03119799169,375.255132296299,283.355338323582,306.302135341644,446.967089925923,182.576598904248,221.944910158366,484.779378503133,151.348076319703,167.194281572814,231.849685954867,213.805121488793,276.695538743918,737.7090710514,NoP,Far,NoRefs
VDIST,Sparse,P&Close,subj4,0.326059362213085,0.257997575834317,0.247299524018242,0.30339793815546,0.227260388713112,0.211638297479211,0.348720786270709,0.288734762955522,0.282960750557272,255.555555555556,288.888888888889,377.777777777778,246.555908256172,260.543528655117,341.400396480171,264.555202854939,317.23424912266,414.155159075384,118.599994807576,194.106330106835,338.033517992064,109.982416525471,162.858677943592,298.123289127208,127.21757308968,225.353982270077,377.94374685692,P,Near,NoRefs
VDIST,Sparse,P&Far,subj4,0.284017721251613,0.212810528882101,0.18727490000544,0.247900322554211,0.194375160419997,0.168498347364151,0.320135119949015,0.231245897344205,0.20605145264673,255.555555555556,322.222222222222,611.111111111111,245.140337664136,296.979027826688,557.632455725794,265.970773446975,347.465416617757,664.589766496428,108.498367869128,204.928813084948,354.296260772057,99.2969030594034,177.606738850693,205.687338753829,117.699832678852,232.250887319204,502.905182790286,P,Far,NoRefs
VDIST,Sparse,NoP&Close,subj4,0.338011317757916,0.293846669253336,0.222174334894677,0.314877281028321,0.27025833808604,0.198145888466012,0.361145354487512,0.317435000420632,0.246202781323342,266.666666666667,333.333333333333,411.111111111111,255.870927453578,315.712651169537,335.022884602987,277.462405879756,350.95401549713,487.199337619236,136.590531429348,230.153813467636,369.118168797325,127.506470508185,219.07329760044,278.82637740761,145.674592350511,241.234329334831,459.40996018704,NoP,Near,NoRefs
VDIST,Sparse,NoP&Far,subj4,0.230185584624875,0.164826487916144,0.135139095061838,0.181705275653513,0.132290928554191,0.0916433618826781,0.278665893596237,0.197362047278097,0.178634828240997,277.777777777778,333.333333333333,666.666666666667,262.765444581189,261.750113731568,511.438160988844,292.790110974367,404.916552935099,821.895172344489,140.221673798878,275.604426113084,681.937567471736,118.865888765119,206.197768189729,491.026781807477,161.577458832637,345.011084036439,872.848353135996,NoP,Far,NoRefs
VDIST,Sparse,P&Close,subj5,0.391870958670472,0.344035061746705,0.26690533795574,0.349238786162652,0.318798205181366,0.229987552755403,0.434503131178292,0.369271918312044,0.303823123156077,244.444444444444,244.444444444444,322.222222222222,238.28984921883,228.178189399679,282.381084673791,250.599039670059,260.71069948921,362.063359770653,140.528703158168,222.302008454402,380.322640802702,130.237365012389,205.958638278936,268.101682452356,150.820041303946,238.645378629869,492.543599153048,P,Near,NoRefs
VDIST,Sparse,P&Far,subj5,0.351240347399442,0.287165520483975,0.100314103864956,0.282908617238618,0.238849967912424,0.0728824584573839,0.419572077560265,0.335481073055526,0.127745749272527,244.444444444444,244.444444444444,622.222222222222,235.880423553606,227.606552672855,166.124563667727,253.008465335283,261.282336216034,1078.31988077672,158.451434279888,209.395595291868,277.777777777778,143.604052346093,166.957355618079,-152.034858257544,173.298816213682,251.833834965657,707.590413813099,P,Far,NoRefs
VDIST,Sparse,NoP&Close,subj5,0.380813769049808,0.332074525844492,0.25739344204789,0.353514003536814,0.311187691535584,0.22382641960385,0.408113534562802,0.352961360153401,0.290960464491929,244.444444444444,244.444444444444,255.555555555556,230.330625693339,234.069153473942,156.289246965246,258.55826319555,254.819735414947,354.821864145865,188.358493057722,210.984123805386,483.834077067005,170.535226113489,190.158474210333,300.892994666871,206.181760001955,231.809773400439,666.77515946714,NoP,Near,NoRefs
VDIST,Sparse,NoP&Far,subj5,0.322630820983998,0.262248659506333,0.127670909537634,0.257670973317007,0.225378073969378,0.0958907822087293,0.38759066865099,0.299119245043287,0.159451036866538,244.444444444444,255.555555555556,688.888888888889,235.472695600513,221.670006099889,356.04851786797,253.416193288376,289.441105011222,1021.72925990981,150.634440971658,209.284111995736,560.475719089103,128.359717821385,174.358127535823,149.427554763032,172.909164121931,244.210096455648,971.523883415174,NoP,Far,NoRefs
VDIST,Sparse,P&Close,subj6,0.345698938263057,0.332855268059733,0.186171326088818,0.314862636959011,0.292556305233583,0.156358999654874,0.376535239567104,0.373154230885883,0.215983652522761,300,266.666666666667,477.777777777778,286.705718049983,256.35381995037,349.972231900656,313.294281950017,276.979513382964,605.583323654899,153.409645545262,166.960557911862,614.603517519112,144.439098219489,147.262008680529,327.947423788493,162.380192871034,186.659107143196,901.25961124973,P,Near,NoRefs
VDIST,Sparse,P&Far,subj6,0.265202559913456,0.257991593339141,0.0985480944353685,0.219846518419946,0.240025256934356,0.0694418780563282,0.310558601406965,0.275957929743925,0.127654310814409,311.111111111111,288.888888888889,777.777777777778,295.850204463733,258.860634827791,578.20322104864,326.372017758489,318.917142949987,977.352334506916,176.577076647478,197.254736854344,751.350525265154,157.584370670909,147.851921823091,366.7437,195.569782624048,246.657551885597,1135.95731928398,P,Far,NoRefs
VDIST,Sparse,NoP&Close,subj6,0.36268716352307,0.290072807549135,0.180019895753721,0.331965866194454,0.262041084226504,0.160412976605387,0.393408460851687,0.318104530871767,0.199626814902054,288.888888888889,277.777777777778,522.222222222222,280.70977437279,257.487185226165,436.125803262501,297.068003404988,298.06837032939,608.318641181943,138.374349164015,181.160788128366,515.841782695607,130.678215753209,141.239363821577,320.177945983646,146.070482574822,221.082212435156,711.505619407569,NoP,Near,NoRefs
VDIST,Sparse,NoP&Far,subj6,0.200910821630799,0.212920118438995,0.0983667479843256,0.16694926139428,0.190760290296816,0.0723280889584195,0.234872381867318,0.235079946581174,0.124405407010232,300,300,666.666666666667,291.484235011207,285.746051994262,359.927626190424,308.515764988793,314.253948005738,973.405707142909,159.108866973731,213.635675234941,349.87092656837,137.60514255496,176.313324232889,88.4793,180.612591392501,250.958026236993,611.262562868754,NoP,Far,NoRefs
VDIST,Rich,P&AllRefs&Close,subj1,0.392856861766047,0.339717198816769,0.340357644446418,0.358471414325576,0.305311282486281,0.300524614536679,0.427242309206519,0.374123115147257,0.380190674356157,244.444444444444,300,277.777777777778,233.999481595445,269.288315008272,267.209694949207,254.889407293444,330.711684991728,288.345860606348,145.052719569615,224.539287131656,173.659282930793,129.283795521653,200.193700140655,144.432466615041,160.821643617576,248.884874122656,202.886099246545,P,Near,AllRefs
VDIST,Rich,P&AllRefs&Far,subj1,0.276637054379455,0.202478990481158,0.17452364882453,0.249310223368285,0.184035742299169,0.151418294420405,0.303963885390625,0.220922238663148,0.197629003228655,266.666666666667,244.444444444444,411.111111111111,255.249005885748,142.224171480143,377.933946431905,278.084327447585,346.664717408746,444.288275790317,138.179780026048,112.491670204163,323.937794335209,124.575554318521,54.535229808739,260.48300274241,151.784005733574,170.448110599586,387.392585928007,P,Far,AllRefs
VDIST,Rich,P&JWalls&Close,subj1,0.385751202426555,0.308832884886931,0.307053651931594,0.358573485557964,0.272043590186149,0.263719151789471,0.412928919295146,0.345622179587714,0.350388152073717,244.444444444444,300,266.666666666667,233.047800285738,264.074913372231,248.655516082614,255.841088603151,335.925086627769,284.67781725072,148.11533382819,227.506453299786,211.712402593288,135.894476124192,194.895701129029,158.959162300351,160.336191532188,260.117205470544,264.465642886225,P,Near,JustWalls
VDIST,Rich,P&JWalls&Far,subj1,0.240178942341961,0.183391494500173,0.184338015641776,0.213140955360586,0.140042677685356,0.151532687808516,0.267216929323335,0.226740311314989,0.217143343475036,277.777777777778,255.555555555556,377.777777777778,258.971512714699,156.179659280192,344.727936023432,296.584042840857,354.931451830919,410.827619532124,152.68992984907,266.23015045261,250.518332521254,136.382995237478,199.478540804852,150.336362433197,168.996864460663,332.981760100367,350.700302609311,P,Far,JustWalls
VDIST,Rich,NoP&AllRefs&Close,subj1,0.39647855475463,0.30010363466536,0.300474943521089,0.349432508158278,0.249714291616653,0.250284845391252,0.443524601350981,0.350492977714067,0.350665041650927,266.666666666667,311.111111111111,288.888888888889,258.414010888599,291.562014168914,270.390898445223,274.919322444734,330.660208053308,307.386879332555,148.861637905457,222.398781938556,221.13147322367,139.799402727204,195.823078856609,134.032154418199,157.923873083709,248.974485020503,308.230792029141,NoP,Near,AllRefs
VDIST,Rich,NoP&AllRefs&Far,subj1,0.263468855271278,0.204680752358423,0.188778726859854,0.232379026514723,0.177513970006649,0.15006761970758,0.294558684027833,0.231847534710197,0.227489834012128,277.777777777778,255.555555555556,388.888888888889,264.916444163859,195.586158703237,332.547673037777,290.639111391697,315.524952407874,445.230104740001,153.883997259391,231.94770023997,414.987919933821,138.258167663275,179.123146456746,194.656181347091,169.509826855507,284.772254023195,635.319658520551,NoP,Far,AllRefs
VDIST,Rich,NoP&JWalls&Close,subj1,0.36877186914615,0.279248579449067,0.302585661585576,0.326614127920342,0.24809362348634,0.262294397349066,0.410929610371958,0.310403535411793,0.342876925822086,255.555555555556,311.111111111111,288.888888888889,246.523395800389,287.100685880997,265.765988930475,264.587715310722,335.121536341226,312.011788847302,139.740966185279,276.164325118315,221.255879351886,115.861773822167,245.650457386507,183.474246897913,163.620158548392,306.678192850123,259.037511805859,NoP,Near,JustWalls
VDIST,Rich,NoP&JWalls&Far,subj1,0.242672039104728,0.212948484506127,0.14514902271607,0.200058346901591,0.18223468909278,0.121228766413293,0.285285731307865,0.243662279919475,0.169069279018846,277.777777777778,300,455.555555555556,264.055931791426,273.045520031955,363.439133098613,291.49962376413,326.954479968045,547.671978012498,151.550323785482,227.459922851449,566.209007174102,123.333430894439,198.186531170604,408.419631253128,179.767216676526,256.733314532295,723.998383095077,NoP,Far,JustWalls
VDIST,Rich,P&AllRefs&Close,subj2,0.333586446668472,0.272819064433727,0.231880103807674,0.291936324032915,0.23054620084418,0.189207864053808,0.375236569304028,0.315091928023273,0.27455234356154,255.555555555556,255.555555555556,266.666666666667,249.524815106508,235.382276808549,239.91858504053,261.586296004604,275.728834302562,293.414748292803,126.202983654731,219.262320701779,314.49853012646,115.623243114801,201.348389018605,201.26805976999,136.782724194662,237.176252384954,427.72900048293,P,Near,AllRefs
VDIST,Rich,P&AllRefs&Far,subj2,0.249468268072916,0.220397225263449,0.142927125553659,0.21433591891335,0.177635803927229,0.107678567684139,0.284600617232482,0.26315864659967,0.178175683423179,255.555555555556,255.555555555556,566.666666666667,246.255246295071,224.913262766727,402.461170273947,264.85586481604,286.197848344384,730.872163059387,127.283666165557,189.668696236539,533.519215935949,113.855277058307,163.893925401091,367.473533936427,140.712055272806,215.443467071986,699.564897935471,P,Far,AllRefs
VDIST,Rich,P&JWalls&Close,subj2,0.381495343196234,0.270849226344076,0.192859455398109,0.335920634465481,0.235290609449287,0.143127780595926,0.427070051926987,0.306407843238865,0.242591130200291,255.555555555556,288.888888888889,322.222222222222,246.177755592963,236.340689044755,269.399069414581,264.933355518148,341.437088733022,375.045375029863,123.607125374789,215.537130807119,273.984524703758,112.887656178228,172.512284947547,151.731240970987,134.326594571351,258.561976666692,396.237808436529,P,Near,JustWalls
VDIST,Rich,P&JWalls&Far,subj2,0.265036298110017,0.20777953860812,0.135166652406028,0.223459591258746,0.175757358935881,0.106656527167249,0.306613004961287,0.239801718280358,0.163676777644807,255.555555555556,255.555555555556,733.333333333333,248.066676322897,218.690625938394,575.478359312851,263.044434788214,292.420485172717,891.188307353816,149.642285925745,206.52722382526,630.498986924555,125.251862324224,171.101015727263,428.287491352217,174.032709527265,241.953431923257,832.710482496892,P,Far,JustWalls
VDIST,Rich,NoP&AllRefs&Close,subj2,0.352556936722364,0.287281964576655,0.259813924252683,0.312252371204232,0.241751497966935,0.228029023030125,0.392861502240495,0.332812431186375,0.291598825475241,255.555555555556,266.666666666667,322.222222222222,247.369246010445,243.715415403617,298.381633410152,263.741865100666,289.617917929717,346.062811034293,127.320813670847,196.297524393605,312.99662260611,117.251125577809,163.610160720004,238.78195148404,137.390501763885,228.984888067206,387.211293728181,NoP,Near,AllRefs
VDIST,Rich,NoP&AllRefs&Far,subj2,0.239271424127578,0.197566528115744,0.143269907984404,0.20180102401631,0.163633146670059,0.113845319565009,0.276741824238847,0.23149990956143,0.172694496403799,266.666666666667,255.555555555556,522.222222222222,253.945541485267,244.368890099623,420.161671625619,279.387791848066,266.742221011488,624.282772818825,146.252413219396,193.710214679531,433.565265813763,130.01948531246,155.008585933086,276.20749094756,162.485341126331,232.411843425976,590.923040679966,NoP,Far,AllRefs
VDIST,Rich,NoP&JWalls&Close,subj2,0.342777004597721,0.259325318496798,0.206314233690485,0.284570602008978,0.203231050869038,0.16998877131555,0.400983407186465,0.315419586124558,0.242639696065421,255.555555555556,311.111111111111,322.222222222222,243.594630687726,281.435218648832,290.894974599037,267.516480423385,340.78700357339,353.549469845407,133.721423446917,214.911573716908,314.480991535162,117.780793758119,189.799428004576,222.956944324451,149.662053135715,240.023719429241,406.005038745873,NoP,Near,JustWalls
VDIST,Rich,NoP&JWalls&Far,subj2,0.266853620695011,0.186808863389242,0.13716657220127,0.225570600775688,0.142906685801134,0.0958989003291761,0.308136640614333,0.23071104097735,0.178434244073364,266.666666666667,244.444444444444,411.111111111111,256.038501370177,202.309434305438,265.81372192537,277.294831963157,286.579454583451,556.408500296852,137.705953300608,203.267692825264,492.244170160143,124.211478399741,166.385660324065,272.797664842628,151.200428201475,240.149725326462,711.690675477657,NoP,Far,JustWalls
VDIST,Rich,P&AllRefs&Close,subj3,0.387097441999924,0.341369859020518,0.307481747321271,0.351568461084941,0.313906761037595,0.269927390374149,0.422626422914906,0.368832957003441,0.345036104268393,266.666666666667,255.555555555556,266.666666666667,255.663138273688,245.384027578222,235.13612995167,277.670195059645,265.727083532889,298.197203381664,144.117266628786,195.235598004342,189.666095973995,122.504944380594,173.580986967073,147.173309735045,165.729588876977,216.89020904161,232.158882212945,P,Near,AllRefs
VDIST,Rich,P&AllRefs&Far,subj3,0.317849077852278,0.28140937224583,0.19934775114622,0.286828184304327,0.241608023539681,0.17744350832913,0.348869971400229,0.321210720951979,0.22125199396331,266.666666666667,255.555555555556,300,257.128203271809,244.35393784085,251.649474952293,276.205130061525,266.757173270261,348.350525047707,147.455271184262,176.40401834515,234.461632022695,131.735850879403,163.957396155663,12.9957038500535,163.174691489121,188.850640534636,455.927560195337,P,Far,AllRefs
VDIST,Rich,P&JWalls&Close,subj3,0.350506122738279,0.291460712202685,0.316437161763076,0.307841455596506,0.263286198273555,0.288540412702498,0.393170789880052,0.319635226131814,0.344333910823653,266.666666666667,266.666666666667,277.777777777778,259.539366230504,257.692521897427,253.653355098069,273.79396710283,275.640811435907,301.902200457487,164.04623835506,232.303083210201,189.26983078061,125.592852934196,202.312246650352,171.425103707451,202.499623775924,262.293919770051,207.114557853769,P,Near,JustWalls
VDIST,Rich,P&JWalls&Far,subj3,0.338736512400714,0.289131624843641,0.210237876282376,0.306758229126477,0.255563982099535,0.167283673420201,0.37071479567495,0.322699267587746,0.253192079144551,255.555555555556,266.666666666667,311.111111111111,244.674805828852,252.4878665225,285.934668145716,266.436305282259,280.845466810833,336.287554076506,157.14099191567,178.064263239538,234.03038230175,125.047958145382,165.10572584366,67.1176935404735,189.234025685958,191.022800635415,400.943071063026,P,Far,JustWalls
VDIST,Rich,NoP&AllRefs&Close,subj3,0.338937660103317,0.318454069965017,0.258414310774701,0.306206267836258,0.278803237759396,0.225809456039794,0.371669052370377,0.358104902170639,0.291019165509607,266.666666666667,266.666666666667,277.777777777778,255.548883905937,251.921231898971,247.977272530806,277.784449427396,281.412101434362,307.578283024749,173.95288224762,187.162862075851,282.936729897303,144.349324447266,168.763933416331,160.404976039238,203.556440047973,205.56179073537,405.468483755368,NoP,Near,AllRefs
VDIST,Rich,NoP&AllRefs&Far,subj3,0.296638657272435,0.292861712253552,0.160618449198843,0.251955120648597,0.260665625542954,0.125328048017642,0.341322193896274,0.325057798964149,0.195908850380045,266.666666666667,255.555555555556,355.555555555556,258.393104790372,245.596539382429,269.475624091006,274.940228542962,265.514571728682,441.635487020105,171.249608923776,189.151917786523,539.052099606985,147.199464088626,173.83330670432,321.933867689827,195.299753758925,204.470528868725,756.170331524143,NoP,Far,AllRefs
VDIST,Rich,NoP&JWalls&Close,subj3,0.378399782408316,0.314833459634162,0.271223859657239,0.336105527946632,0.276542104951896,0.226382903175754,0.42069403687,0.353124814316429,0.316064816138724,266.666666666667,266.666666666667,277.777777777778,255.184499668623,254.549163746622,253.274349344422,278.148833664711,278.784169586712,302.281206211134,150.521515933196,197.658438140089,189.968542796239,138.336018006158,178.030242949316,99.5077373661168,162.707013860233,217.286633330862,280.429348226361,NoP,Near,JustWalls
VDIST,Rich,NoP&JWalls&Far,subj3,0.333309063823624,0.312061514082365,0.139403005069643,0.312880757561563,0.284111478844797,0.109802960527994,0.353737370085686,0.340011549319933,0.169003049611292,255.555555555556,255.555555555556,288.888888888889,244.507229400002,241.679221064047,-52.3753994143191,266.603881711109,269.431890047064,630.153177192097,158.728933590392,186.188594941276,637.84628122399,134.867840281887,170.208455548408,329.609490090447,182.590026898896,202.168734334144,946.083072357532,NoP,Far,JustWalls
VDIST,Rich,P&AllRefs&Close,subj4,0.337927254828256,0.302487832382263,0.284950467454767,0.299037520285356,0.273483941290686,0.239583068035778,0.376816989371155,0.33149172347384,0.330317866873756,255.555555555556,300,288.888888888889,253.869522393259,287.63689274416,268.818659463157,257.241588717852,312.36310725584,308.959118314621,107.165663376678,205.125315265672,215.854393983861,93.9221956685507,190.856742896735,161.843335730007,120.409131084806,219.393887634609,269.865452237715,P,Near,AllRefs
VDIST,Rich,P&AllRefs&Far,subj4,0.276148035342055,0.184372054863024,0.189364789852805,0.256468490340129,0.15096110140694,0.159268483600157,0.295827580343981,0.217783008319107,0.219461096105453,255.555555555556,311.111111111111,522.222222222222,244.751551893647,276.00990198715,473.940790162524,266.359559217465,346.212320235072,570.50365428192,111.222705706613,198.488480415056,429.664572901908,95.8155563634905,151.476792621581,342.771728500257,126.629855049735,245.500168208531,516.557417303559,P,Far,AllRefs
VDIST,Rich,P&JWalls&Close,subj4,0.384212158426446,0.293033974461631,0.289485126006323,0.36172118103686,0.264255712726635,0.258379308236847,0.406703135816031,0.321812236196626,0.320590943775798,255.555555555556,300,311.111111111111,248.1656166772,276.472754944756,285.753955325234,262.945494433911,323.527245055244,336.468266896988,116.712174873064,204.542185945865,268.188699884152,104.396758271646,184.342139609766,238.365934401598,129.027591474483,224.742232281965,298.011465366705,P,Near,JustWalls
VDIST,Rich,P&JWalls&Far,subj4,0.299523817777474,0.198922847903687,0.157676504119947,0.275219881771273,0.163965271633137,0.133914344962557,0.323827753783676,0.233880424174236,0.181438663277338,266.666666666667,277.777777777778,377.777777777778,255.757302090843,255.726415033267,240.398973405496,277.57603124249,299.829140522289,515.156582150059,105.371758548436,198.288665278237,510.943529674877,94.4066249149132,163.289016791532,351.351272939393,116.336892181958,233.288313764941,670.535786410361,P,Far,JustWalls
VDIST,Rich,NoP&AllRefs&Close,subj4,0.357426632278254,0.290196961181559,0.229013198401472,0.318070496347893,0.258211609716513,0.198506522155401,0.396782768208614,0.322182312646604,0.259519874647543,266.666666666667,300,333.333333333333,256.095001048831,281.768733990097,284.673380323136,277.238332284502,318.231266009903,381.99328634353,132.824107286427,211.467693502813,322.424251607204,116.268140835486,187.923338952294,207.792869023007,149.380073737369,235.012048053332,437.0556341914,NoP,Near,AllRefs
VDIST,Rich,NoP&AllRefs&Far,subj4,0.258642506468371,0.208929250680838,0.169826923372865,0.234433862573764,0.179800692770606,0.132827955530395,0.282851150362978,0.23805780859107,0.206825891215334,277.777777777778,288.888888888889,477.777777777778,267.0450075094,215.894611403815,368.130581780935,288.510548046156,361.883166373963,587.42497377462,133.925005342268,232.960002775552,424.108481805071,109.569753919806,173.035260429795,275.389242717679,158.28025676473,292.884745121309,572.827720892463,NoP,Far,AllRefs
VDIST,Rich,NoP&JWalls&Close,subj4,0.381296730629644,0.283957397514384,0.268239021693215,0.360589976959415,0.25439124801108,0.242084542724433,0.402003484299874,0.313523547017689,0.294393500661998,266.666666666667,333.333333333333,322.222222222222,260.871697363155,312.923229811697,279.288840550266,272.461635970179,353.743436854969,365.155603894179,123.467573482551,235.260654430706,305.824863056885,111.645372508609,212.542490195702,222.887795560101,135.289774456492,257.97881866571,388.761930553669,NoP,Near,JustWalls
VDIST,Rich,NoP&JWalls&Far,subj4,0.288299822966209,0.229661332794017,0.162765829198917,0.254975624527825,0.202354312027504,0.136304259207799,0.321624021404593,0.256968353560529,0.189227399190036,266.666666666667,288.888888888889,400,254.580365114098,265.227106431735,221.450573595227,278.752968219235,312.550671346043,578.549426404773,122.991994438502,211.239434596382,588.84527362846,102.021661325393,191.318847705125,366.34352941571,143.962327551611,231.160021487639,811.34701784121,NoP,Far,JustWalls
VDIST,Rich,P&AllRefs&Close,subj5,0.446825916644816,0.302393642625798,0.329437055179502,0.414650032791594,0.25810302276421,0.300197184724359,0.479001800498037,0.346684262487386,0.358676925634646,244.444444444444,244.444444444444,255.555555555556,235.373018589588,216.665826549172,224.980184748341,253.5158702993,272.223062339717,286.13092636277,134.049291007645,229.673007530966,220.453129879241,115.820768668797,182.177638121932,175.532552331185,152.277813346492,277.168376939999,265.373707427298,P,Near,AllRefs
VDIST,Rich,P&AllRefs&Far,subj5,0.390723158668954,0.341373497532111,0.152397426829559,0.342186832451186,0.316310940223299,0.125515450093376,0.439259484886721,0.366436054840924,0.179279403565742,244.444444444444,244.444444444444,344.444444444444,234.054196765592,235.917660423642,123.142317567337,254.834692123297,252.971228465247,565.746571321552,122.278897380944,188.105381626886,668.449582551015,114.988933877398,162.403320484732,422.067422307659,129.568860884489,213.807442769039,914.831742794371,P,Far,AllRefs
VDIST,Rich,P&JWalls&Close,subj5,0.441487427724996,0.286083366392409,0.325034764904242,0.416828971149945,0.257135430286977,0.298806291188033,0.466145884300046,0.31503130249784,0.351263238620451,233.333333333333,255.555555555556,244.444444444444,224.278186789088,182.196309556138,233.20486188887,242.388479877578,328.914801554973,255.684027000019,128.459757482522,254.535257709586,200.225138974412,112.41536305059,197.688957184645,172.528299388371,144.504151914454,311.381558234528,227.921978560453,P,Near,JustWalls
VDIST,Rich,P&JWalls&Far,subj5,0.419005485614577,0.337818923085198,0.154379428025837,0.384609963837782,0.298236470561125,0.127246606477819,0.453401007391372,0.377401375609271,0.181512249573855,255.555555555556,244.444444444444,744.444444444444,245.101064545553,238.665021328005,346.098550024101,266.010046565558,250.223867560884,1142.79033886479,121.436820443521,196.213753230541,870.218332769841,112.272127537328,174.28920848098,564.751134863059,130.601513349714,218.138297980102,1175.68553067662,P,Far,JustWalls
VDIST,Rich,NoP&AllRefs&Close,subj5,0.431608146045245,0.280048613077696,0.329290033427654,0.404695748104162,0.238140126351889,0.286726061400102,0.458520543986327,0.321957099803503,0.371854005455206,244.444444444444,244.444444444444,244.444444444444,236.079229922425,189.53306348731,228.705908151846,252.809658966464,299.355825401579,260.182980737043,138.794191210216,239.795874880168,184.481055093315,129.317291336707,176.023578707443,141.706550764531,148.271091083724,303.568171052892,227.255559422099,NoP,Near,AllRefs
VDIST,Rich,NoP&AllRefs&Far,subj5,0.424697991016896,0.323734370662666,0.148399970247391,0.39889341298446,0.298839194518286,0.124912353442037,0.450502569049333,0.348629546807046,0.171887587052745,255.555555555556,244.444444444444,377.777777777778,244.671910146706,235.249713318795,132.765775825402,266.439200964405,253.639175570094,622.789779730154,125.89105640293,206.310697404899,653.707909591927,110.778151305368,179.001604301339,387.257172629941,141.003961500492,233.619790508459,920.158646553913,NoP,Far,AllRefs
VDIST,Rich,NoP&JWalls&Close,subj5,0.419640926371501,0.283124376266801,0.239314065395469,0.400481551044824,0.254116316559142,0.198257409389503,0.438800301698178,0.31213243597446,0.280370721401435,244.444444444444,244.444444444444,255.555555555556,235.680108904964,171.464102178654,198.304042291354,253.208779983925,317.424786710235,312.807068819757,143.343253938439,228.069744423364,315.140512758233,112.487031546169,177.651882965773,194.718469235779,174.199476330709,278.487605880956,435.562556280688,NoP,Near,JustWalls
VDIST,Rich,NoP&JWalls&Far,subj5,0.431386532887181,0.301256676358714,0.155122075877283,0.40685660805522,0.279871522909878,0.130374869673281,0.455916457719142,0.322641829807549,0.179869282081284,244.444444444444,244.444444444444,366.666666666667,234.122954660906,233.246711176399,211.459897733666,254.765934227983,255.64217771249,521.873435599667,132.211591045892,212.611958298989,825.756960236199,107.745937204229,195.707594142376,434.26439699967,156.677244887556,229.516322455603,1217.24952347273,NoP,Far,JustWalls
VDIST,Rich,P&AllRefs&Close,subj6,0.33915416795795,0.310300486903096,0.196157967866833,0.3026935444002,0.276084945702163,0.149922939586988,0.3756147915157,0.34451602810403,0.242392996146678,277.777777777778,244.444444444444,255.555555555556,272.310618052241,233.023640154134,142.357408865862,283.244937503314,255.865248734755,368.753702245249,123.650907039255,163.043214323443,413.620505800958,114.724240017573,146.745411006099,167.076874673289,132.577574060937,179.341017640786,660.164136928627,P,Near,AllRefs
VDIST,Rich,P&AllRefs&Far,subj6,0.296974196030533,0.291192089726717,0.130946443640685,0.273383494245399,0.26242750193725,0.10066978941949,0.320564897815667,0.319956677516183,0.161223097861879,288.888888888889,266.666666666667,800,284.979248055679,251.491351259299,609.39386689821,292.798529722099,281.841982074034,990.60613310179,136.284233537942,157.432824939531,757.827313163528,121.044280812143,146.948285036494,506.179833471831,151.524186263741,167.917364842567,1009.47479285523,P,Far,AllRefs
VDIST,Rich,P&JWalls&Close,subj6,0.392120699567522,0.326034347594531,0.195858815417332,0.353068842089594,0.286756913517944,0.154348551467351,0.431172557045449,0.365311781671119,0.237369079367313,266.666666666667,255.555555555556,311.111111111111,255.233310049548,235.202041791094,271.55059780962,278.100023283785,275.909069320017,350.671624412603,129.996541552733,189.345435703788,443.026825394849,120.243902131193,170.481608646946,250.403267088199,139.749180974272,208.20926276063,635.650383701499,P,Near,JustWalls
VDIST,Rich,P&JWalls&Far,subj6,0.283042148845074,0.259942833082629,0.126127277522056,0.256093090187286,0.228585376409221,0.0989010771816742,0.309991207502862,0.291300289756037,0.153353477862438,288.888888888889,277.777777777778,788.888888888889,273.978717394635,235.20079004711,593.096399879236,303.799060383143,320.354765508446,984.681377898542,145.18749959767,190.120283544627,815.748255582833,134.782021591808,144.154445653325,522.256171927745,155.592977603533,236.086121435929,1109.24033923792,P,Far,JustWalls
VDIST,Rich,NoP&AllRefs&Close,subj6,0.377519940564005,0.334797529970483,0.179075684120384,0.353845919598431,0.306242247562618,0.148283341109836,0.401193961529579,0.363352812378349,0.209868027130931,277.777777777778,255.555555555556,266.666666666667,267.139385649384,246.562202018457,191.914251563988,288.416169906172,264.548909092654,341.419081769346,130.929473774447,175.537690380547,458.846882887805,123.834649250227,162.540268353048,136.199388265902,138.024298298667,188.535112408046,781.494377509708,NoP,Near,AllRefs
VDIST,Rich,NoP&AllRefs&Far,subj6,0.275510059987615,0.259799225956363,0.114712275839942,0.245404454576853,0.22587618271414,0.0892997625797435,0.305615665398376,0.293722269198585,0.140124789100141,277.777777777778,255.555555555556,677.777777777778,265.207843190299,244.07784978415,485.30746018149,290.347712365256,267.033261326961,870.248095374065,144.195348869988,172.31713901356,630.745232077316,134.303889620077,159.26114035737,315.316405891548,154.086808119899,185.373137669751,946.174058263083,NoP,Far,AllRefs
VDIST,Rich,NoP&JWalls&Close,subj6,0.346966307298282,0.316288968576147,0.199254675058801,0.302735262646689,0.291256948650196,0.137476418184089,0.391197351949875,0.341320988502097,0.261032931933513,277.777777777778,244.444444444444,277.777777777778,266.728707218511,233.109898814975,246.540172607519,288.826848337045,255.778990073914,309.015382948037,139.938001276801,170.378043612505,193.711622792628,130.107159908232,152.11544160183,40.7689486869182,149.76884264537,188.640645623179,346.654296898337,NoP,Near,JustWalls
VDIST,Rich,NoP&JWalls&Far,subj6,0.286385675038125,0.265372833882963,0.122303868372259,0.25787312175541,0.23388290862411,0.0969892457427517,0.314898228320841,0.296862759141816,0.147618491001765,288.888888888889,255.555555555556,711.111111111111,277.762640726439,246.574901803921,529.970396192773,300.015137051339,264.53620930719,892.251826029449,141.091578787385,159.411781638848,630.144972144107,132.304084669666,143.207224024223,336.999047339014,149.879072905105,175.616339253472,923.290896949201,NoP,Far,JustWalls
DISP,Sparse,NoP&Close,subj1,0.230955925085934,0.176399960900471,0.226549549566657,0.208167323148763,0.154833513410411,0.203254119284433,0.253744527023105,0.19796640839053,0.249844979848881,277.777777777778,333.333333333333,344.444444444444,257.882760234908,293.299297554438,313.38503149741,297.672795320647,373.367369112229,375.503857391479,171.414581673115,284.576404477257,255.216187459573,141.921359286589,199.734094893868,163.668154418289,200.907804059641,369.418714060647,346.764220500856,NoP,Near,NoRefs
DISP,Sparse,NoP&Far,subj1,0.311374160911586,0.245068167036419,0.166049770899424,0.283439992872442,0.225888321819006,0.131048258745473,0.33930832895073,0.264248012253833,0.201051283053375,266.666666666667,266.666666666667,277.777777777778,253.844318224009,249.633550039588,266.770708358572,279.489015109324,283.699783293745,288.784847196983,131.699165672581,223.279893581555,168.244936502153,121.110902746912,180.26031593216,53.9666952284813,142.287428598251,266.299471230949,282.523177775825,NoP,Far,NoRefs
DISP,Sparse,NoP&Close,subj2,0.185474696982178,0.180933555675536,0.168754652868355,0.16222103229716,0.155727300576694,0.140183947055805,0.208728361667197,0.206139810774377,0.197325358680906,300,344.444444444444,366.666666666667,286.963832006178,327.752168454446,343.548652590124,313.036167993822,361.136720434443,389.784680743209,194.620916222368,200.825807828602,353.714996324296,172.350788971916,177.48856947285,221.966594543304,216.89104347282,224.163046184354,485.463398105288,NoP,Near,NoRefs
DISP,Sparse,NoP&Far,subj2,0.285210134878131,0.24754457219317,0.11463876827452,0.253336072539825,0.2213133813146,0.0856803912086514,0.317084197216438,0.27377576307174,0.143597145340389,266.666666666667,277.777777777778,288.888888888889,258.068641762906,269.986586128509,252.609203435569,275.264691570427,285.568969427046,325.168574342209,122.315397867559,133.953111246622,150.809617399115,112.497409048831,115.667901678197,7.76461522713612,132.133386686287,152.238320815048,293.854619571095,NoP,Far,NoRefs
DISP,Sparse,NoP&Close,subj3,0.215823166520472,0.177870866153191,0.178500903245193,0.192043174795402,0.15423330912768,0.154567197738323,0.239603158245541,0.201508423178701,0.202434608752063,266.666666666667,322.222222222222,344.444444444444,252.871871436688,298.276805995848,310.685768457263,280.461461896646,346.167638448596,378.203120431626,219.13483365722,214.163688459718,256.919277723096,188.044947017598,173.788232568048,158.870717689847,250.224720296843,254.539144351388,354.967837756345,NoP,Near,NoRefs
DISP,Sparse,NoP&Far,subj3,0.291694518245574,0.228503784525089,0.166224568988034,0.261513359980285,0.202557366649826,0.12760929899499,0.321875676510862,0.254450202400352,0.204839838981078,244.444444444444,244.444444444444,244.444444444444,234.580548046173,233.492585344683,218.008286019964,254.308340842716,255.396303544206,270.880602868925,171.067410536366,181.40596108788,188.659624352363,143.326429605259,89.8561042343032,13.8619133318837,198.808391467473,272.955817941456,363.457335372842,NoP,Far,NoRefs
DISP,Sparse,NoP&Close,subj4,0.207428321282785,0.178605305236073,0.158896994587375,0.175989843358227,0.157091642166786,0.134552239681304,0.238866799207343,0.200118968305359,0.183241749493445,255.555555555556,300,355.555555555556,244.724164223722,277.643740912484,332.92523792323,266.386946887389,322.356259087516,378.185873187881,120.837424853901,199.893002839885,290.91261374287,108.463187960549,166.352554665665,194.842897114827,133.211661747254,233.433451014104,386.982330370913,NoP,Near,NoRefs
DISP,Sparse,NoP&Far,subj4,0.256568017343781,0.215076016110409,0.120373302022687,0.23606711425311,0.192229178506743,0.0977521602717934,0.277068920434453,0.237922853714076,0.142994443773581,255.555555555556,288.888888888889,288.888888888889,243.345618152116,252.973490544989,202.87264117115,267.765492958995,324.804287232789,374.905136606627,149.229189893186,235.192161386227,323.821622340791,135.155763633585,183.958683395555,194.970382826747,163.302616152788,286.425639376899,452.672861854835,NoP,Far,NoRefs
DISP,Sparse,NoP&Close,subj5,0.368311473245743,0.239245342447612,0.231229109722292,0.341663069147288,0.215443403014289,0.208603911140435,0.394959877344197,0.263047281880935,0.253854308304149,266.666666666667,288.888888888889,333.333333333333,256.546668911559,261.366608392735,283.026767693703,276.786664421774,316.411169385043,383.639898972963,144.148458305799,231.583418568979,304.551483375508,125.195135975499,212.505531406586,212.100592651221,163.1017806361,250.661305731372,397.002374099794,NoP,Near,NoRefs
DISP,Sparse,NoP&Far,subj5,0.426875612981465,0.349125381052064,0.184313327947942,0.40084516987264,0.328571142483892,0.143724229005158,0.45290605609029,0.369679619620236,0.224902426890726,255.555555555556,266.666666666667,255.555555555556,254.833629649045,256.605773081193,246.143279629609,256.277481462066,276.72756025214,264.967831481503,131.841386461899,190.943157949616,223.562069538375,121.629257414763,176.669680941029,26.435806975939,142.053515509034,205.216634958204,420.688332100811,NoP,Far,NoRefs
DISP,Sparse,NoP&Close,subj6,0.172388343797314,0.150555184662066,0.105009094575325,0.149894447943764,0.130117226090008,0.0821844648896683,0.194882239650865,0.170993143234123,0.127833724260981,288.888888888889,266.666666666667,644.444444444444,277.775555286138,230.975709218217,478.113242863447,300.00222249164,302.357624115117,810.775646025442,169.37668349654,181.473413405392,372.516335767855,130.505839977945,146.781854071757,100.114550726357,208.247527015135,216.164972739028,644.918120809352,NoP,Near,NoRefs
DISP,Sparse,NoP&Far,subj6,0.32477948765704,0.301780845281206,0.126839435631519,0.299936130182415,0.275544319722302,0.102012068991095,0.349622845131664,0.328017370840111,0.151666802271944,288.888888888889,288.888888888889,288.888888888889,277.786989212013,275.026733615207,230.926601468323,299.990788565765,302.751044162571,346.851176309455,140.121890185996,181.759293516387,219.223745138239,131.098761093113,162.613447987438,-102.49280228761,149.145019278879,200.905139045337,540.940292564089,NoP,Far,NoRefs
DISP,Rich,NoP&AllRefs&Close,subj1,0.255955961872893,0.218577636773968,0.245261281403044,0.221239323946629,0.179131994197483,0.216622090208742,0.290672599799157,0.258023279350452,0.273900472597346,300,355.555555555556,333.333333333333,290.432779079869,336.676859126235,315.924214504097,309.567220920131,374.434251984877,350.742452162569,153.012653731062,252.430178178518,214.086902429266,136.019984734866,204.939189432169,145.15420576637,170.005322727257,299.921166924867,283.019599092162,NoP,Near,AllRefs
DISP,Rich,NoP&AllRefs&Far,subj1,0.32671240498167,0.268937497405826,0.165468473870089,0.298681170607136,0.235786377796804,0.120091704392083,0.354743639356204,0.302088617014847,0.210845243348096,266.666666666667,255.555555555556,266.666666666667,254.82494104093,238.991267085288,213.152280543765,278.508392292404,272.119844025823,320.181052789569,124.099250510172,197.326959793594,250.651070037153,115.359168389841,155.067619517677,105.723874052592,132.839332630503,239.586300069512,395.578266021714,NoP,Far,AllRefs
DISP,Rich,NoP&JWalls&Close,subj1,0.237185271180306,0.217311609911383,0.213824184688274,0.20867745171651,0.178654132045405,0.188978458839958,0.265693090644101,0.255969087777361,0.238669910536589,288.888888888889,355.555555555556,322.222222222222,275.825664634685,331.417048146087,297.181988197152,301.952113143093,379.694062965024,347.262456247292,151.376272618906,258.142613177607,246.803536064603,135.050693292717,207.275678099249,175.661744290037,167.701851945095,309.009548255964,317.94532783917,NoP,Near,JustWalls
DISP,Rich,NoP&JWalls&Far,subj1,0.339045298135748,0.229751764792746,0.159935746696801,0.303419856847328,0.187296828886507,0.121678144390065,0.374670739424169,0.272206700698984,0.198193349003537,255.555555555556,255.555555555556,266.666666666667,244.89364822242,235.445110971938,230.747777006884,266.217462888691,275.666000139173,302.585556326449,124.105622791532,241.198599398443,222.963275281857,115.302003241475,207.167464298894,99.1806531234943,132.90924234159,275.229734497991,346.74589744022,NoP,Far,JustWalls
DISP,Rich,NoP&AllRefs&Close,subj2,0.198037578216635,0.113605775095364,0.111929944860059,0.156857411993506,0.0752969789990873,0.0631612571896465,0.239217744439764,0.15191457119164,0.160698632530471,266.666666666667,333.333333333333,344.444444444444,253.932644107184,254.575787171418,237.907936401828,279.40068922615,412.090879495249,450.980952487061,122.758743189879,194.523678664217,321.025763016857,107.815475516033,147.117249227599,117.191823929383,137.702010863725,241.930108100835,524.859702104331,NoP,Near,AllRefs
DISP,Rich,NoP&AllRefs&Far,subj2,0.301236167116214,0.265840130358189,0.15615564233174,0.267142097768046,0.242666980304089,0.12811521632539,0.335330236464383,0.289013280412288,0.184196068338089,266.666666666667,266.666666666667,266.666666666667,258.842373951921,257.536659205828,256.471145660783,274.490959381413,275.796674127505,276.86218767255,110.004383969969,131.542826375958,125.733703229328,104.233847970864,120.973333286247,98.1056619009409,115.774919969075,142.11231946567,153.361744557716,NoP,Far,AllRefs
DISP,Rich,NoP&JWalls&Close,subj2,0.192035336295667,0.123038424474266,0.0902709647727943,0.140943940132392,0.0757038584436755,0.0466621300083243,0.243126732458942,0.170372990504857,0.133879799537264,266.666666666667,333.333333333333,288.888888888889,253.327755453342,285.219319939999,68.2748037787108,280.005577879992,381.447346726667,509.502973999067,127.266782272099,180.269498186532,206.616063808005,110.559226600876,146.015221916607,-65.6045704032841,143.974337943323,214.523774456457,478.836698019295,NoP,Near,JustWalls
DISP,Rich,NoP&JWalls&Far,subj2,0.312998186386989,0.266069572203897,0.152036474575156,0.283045854432566,0.225675203546895,0.107680566717177,0.342950518341413,0.3064639408609,0.196392382433135,255.555555555556,255.555555555556,266.666666666667,245.236163119313,244.762980180987,243.798090081355,265.874947991798,266.348130930124,289.535243251979,111.069882036538,139.945268729802,124.758027572486,105.905813902477,121.244470588846,102.308220072994,116.233950170598,158.646066870758,147.207835071978,NoP,Far,JustWalls
DISP,Rich,NoP&AllRefs&Close,subj3,0.260966386672947,0.244917013098037,0.16855027754753,0.230875661152426,0.210803846565611,0.135991258289701,0.291057112193468,0.279030179630462,0.201109296805358,266.666666666667,255.555555555556,355.555555555556,246.461174591849,245.842118481626,329.220287735076,286.872158741484,265.268992629485,381.890823376035,214.85254331363,195.707077234795,286.047480142115,177.384717638466,178.892365016277,133.532552301216,252.320368988793,212.521789453313,438.562407983013,NoP,Near,AllRefs
DISP,Rich,NoP&AllRefs&Far,subj3,0.357319790554167,0.311808894477849,0.217745741741305,0.328838078734189,0.282278153649504,0.184965231987797,0.385801502374145,0.341339635306195,0.250526251494814,255.555555555556,255.555555555556,266.666666666667,252.037897747671,246.804899042086,249.437869066325,259.07321336344,264.306212069025,283.895464267008,162.279674279542,172.533595322717,225.088129500647,138.821601592518,137.259604130404,172.836974045318,185.737746966565,207.80758651503,277.339284955976,NoP,Far,AllRefs
DISP,Rich,NoP&JWalls&Close,subj3,0.276919558539498,0.248707470835183,0.177025839565099,0.255203039260469,0.214625487765784,0.147055974501867,0.298636077818527,0.282789453904582,0.206995704628332,277.777777777778,255.555555555556,377.777777777778,261.873165397395,242.095743861709,356.07793921045,293.68239015816,269.015367249402,399.477616345105,205.286378575761,214.805260378972,300.496999729886,188.086616444633,201.065528318871,208.159790605782,222.486140706889,228.544992439074,392.834208853991,NoP,Near,JustWalls
DISP,Rich,NoP&JWalls&Far,subj3,0.345068028918762,0.284783138024023,0.159977308061716,0.315657794285745,0.253441717246492,0.116930507604985,0.374478263551779,0.316124558801554,0.203024108518446,244.444444444444,255.555555555556,244.444444444444,232.452732432107,249.862245277398,137.183636261546,256.436156456782,261.248865833713,351.705252627342,185.548680729791,213.455241699219,314.920766581026,174.306972983569,170.65356063642,168.208231742376,196.790388476012,256.256922762018,461.633301419676,NoP,Far,JustWalls
DISP,Rich,NoP&AllRefs&Close,subj4,0.306720057671879,0.198969544405081,0.161355327710963,0.278473438190847,0.162384685496388,0.131924602331775,0.33496667715291,0.235554403313773,0.190786053090151,266.666666666667,277.777777777778,366.666666666667,260.346094325922,254.036305587743,301.054477125139,272.987239007412,301.519249967813,432.278856208195,112.482217581138,199.391960437097,357.693054664241,95.0465660649073,172.469730080165,303.124279189364,127.175656157315,249.752492142057,496.875720810636,NoP,Near,AllRefs
DISP,Rich,NoP&AllRefs&Far,subj4,0.322413327338364,0.205693151822402,0.114785040982721,0.294905024382613,0.182215790432491,0.0904470619727395,0.349921630294115,0.229170513212314,0.139123019992702,255.555555555556,244.444444444444,288.888888888889,246.650847270734,209.882876315889,67.0213476202784,264.460263840377,279.006012573,510.756430157499,116.351339496571,226.938986044089,489.952263649367,96.1475239139253,201.760724887897,214.290524482597,126.074698308297,264.905941778769,763.487253295181,NoP,Far,AllRefs
DISP,Rich,NoP&JWalls&Close,subj4,0.284742264194015,0.232623705300211,0.155229807157849,0.262398813832187,0.212485518459614,0.130948397511389,0.307085714555842,0.252761892140809,0.17951121680431,266.666666666667,288.888888888889,377.777777777778,260.258450605294,279.804579477978,338.899969058421,273.074882728039,297.9731982998,416.655586497134,107.257087921616,192.290173703994,358.388998780886,77.5582073065601,167.145564373191,295.0896231353,122.44179269344,255.076657849031,482.688154642478,NoP,Near,JustWalls
DISP,Rich,NoP&JWalls&Far,subj4,0.345701535232895,0.236254178606252,0.132192615532848,0.31996890445897,0.203024017405986,0.105466052212231,0.37143416600682,0.269484339806518,0.158919178853466,255.555555555556,255.555555555556,277.777777777778,244.850982224665,237.536484168842,123.169420330725,266.260128886446,273.574626942269,432.38613522483,112.225362774065,227.251422785353,378.780301625939,94.9567697452157,190.157197448261,342.946836815943,127.265452477006,254.287246996184,834.830940961834,NoP,Far,JustWalls
DISP,Rich,NoP&AllRefs&Close,subj5,0.348643148417962,0.255154735121686,0.203885929159352,0.3276324622739,0.235477051952216,0.185465621115679,0.369653834562024,0.274832418291156,0.222306237203025,244.444444444444,311.111111111111,288.888888888889,239.172051585638,287.553234101145,213.801382405739,249.716837303251,334.668988121077,363.976395372039,102.440371473886,266.778209713647,247.73526818664,91.4057967073622,216.858557872482,153.524254199604,113.474946240409,316.697861554811,341.946282173676,NoP,Near,AllRefs
DISP,Rich,NoP&AllRefs&Far,subj5,0.374765004541458,0.312230667912418,0.166155667226035,0.33603039754376,0.283807869292051,0.142945404125273,0.413499611539156,0.340653466532786,0.189365930326797,255.555555555556,255.555555555556,255.555555555556,244.911255915627,240.134691263389,215.725399919053,266.199855195484,270.976419847722,295.385711192058,133.286628056884,235.430928612275,228.507874101362,121.693607635612,200.285408962223,111.656559788296,144.879648478156,270.576448262328,345.359188414428,NoP,Far,AllRefs
DISP,Rich,NoP&JWalls&Close,subj5,0.352924230894815,0.245534183721373,0.195505448544528,0.318743899319613,0.225954710893638,0.171267927030728,0.387104562470017,0.265113656549108,0.219742970058328,244.444444444444,244.444444444444,288.888888888889,236.663566416243,199.993153660604,255.906969130376,252.225322472646,288.895735228285,321.870808647402,103.146903481795,212.41745518475,216.624731942572,93.4932809226309,156.829629485572,155.151160434505,112.80052604096,268.005280883927,278.09830345064,NoP,Near,JustWalls
DISP,Rich,NoP&JWalls&Far,subj5,0.387491144934019,0.3098199973002,0.138472280358479,0.349566255191418,0.282080968914641,0.116187447469274,0.425416034676619,0.33755902568576,0.160757113247685,244.444444444444,255.555555555556,244.444444444444,239.419174931566,244.685219174123,124.42018752552,249.469713957323,266.425891936988,364.468701363368,116.428199640054,213.897572975932,236.97106439364,107.402031970833,194.715919052495,-75.5965958010597,125.454367309275,233.07922689937,549.53872458834,NoP,Far,JustWalls
DISP,Rich,NoP&AllRefs&Close,subj6,0.199685523685591,0.150240045831751,0.202273362365656,0.174529949678627,0.127014080732058,0.157179158807926,0.224841097692554,0.173466010931443,0.247367565923386,277.777777777778,322.222222222222,322.222222222222,268.186568855408,263.401395439913,292.604976136371,287.368986700148,381.043049004531,351.839468308073,156.237145092384,199.564661986025,191.2156920287,131.525894005727,158.843150468942,126.343221386322,180.948396179042,240.286173503108,256.088162671077,NoP,Near,AllRefs
DISP,Rich,NoP&AllRefs&Far,subj6,0.324781761014446,0.243282240511561,0.112185616033404,0.296098968384235,0.205652248040479,0.0814107829934315,0.353464553644657,0.280912232982643,0.142960449073377,277.777777777778,266.666666666667,277.777777777778,267.581434523486,256.670760902193,12.0663754025984,287.97412103207,276.66257243114,543.489180152957,118.811426568225,159.968534655264,170.709996081288,107.987676096052,143.770174519029,-45.1546355400839,129.635177040399,176.166894791499,386.574627702659,NoP,Far,AllRefs
DISP,Rich,NoP&JWalls&Close,subj6,0.209450584414854,0.167561855749174,0.199757674906708,0.182882672007905,0.143798082796104,0.177603078309566,0.236018496821802,0.191325628702244,0.22191227150385,277.777777777778,255.555555555556,333.333333333333,269.462955561336,188.78236685316,310.651604080159,286.09259999422,322.328744257951,356.015062586508,130.93000285753,204.541424741301,234.040964042329,108.192008225276,153.083345876968,181.841558677137,153.667997489784,255.999503605634,286.240369407521,NoP,Near,JustWalls
DISP,Rich,NoP&JWalls&Far,subj6,0.338270038923979,0.296351442197191,0.136233680953312,0.304070642161067,0.265759512666845,0.103524940118748,0.37246943568689,0.326943371727537,0.168942421787876,277.777777777778,255.555555555556,255.555555555556,267.104639989769,244.424782644823,135.836400004354,288.450915565787,266.686328466288,375.274711106757,117.814934470315,149.619154976281,130.793151577403,108.423214697664,122.319325150551,21.1056782648592,127.206654242965,176.918984802011,240.480624889947,NoP,Far,JustWalls
